Input:
8 1 0 9 4 + 5 6 5 2 8
Target:
<scratch>
8 1 0 9 4 + 5 6 5 2 8 , C: 0
9 + 2 , 2 C: 1
0 + 5 , 2 2 C: 1
1 + 6 , 6 2 2 C: 0
8 + 5 , 7 6 2 2 C: 0
, 3 7 6 2 2 C: 1
1 3 7 6 2 2
</scratch>
1 3 7 6 2 2

Input:
9 4 1 4 8 + 2 9 5 6 3
Target:
<scratch>
9 4 1 4 8 + 2 9 5 6 3 , C: 0
4 + 6 , 1 C: 1
1 + 5 , 1 1 C: 1
4 + 9 , 7 1 1 C: 0
9 + 2 , 3 7 1 1 C: 1
, 2 3 7 1 1 C: 1
1 2 3 7 1 1
</scratch>
1 2 3 7 1 1

Input:
1 7 6 7 9 + 8 9 9 6 0
Target:
<scratch>
1 7 6 7 9 + 8 9 9 6 0 , C: 0
7 + 6 , 9 C: 0
6 + 9 , 3 9 C: 1
7 + 9 , 6 3 9 C: 1
1 + 8 , 7 6 3 9 C: 1
, 0 7 6 3 9 C: 1
1 0 7 6 3 9
</scratch>
1 0 7 6 3 9

Input:
8 5 4 1 3 + 8 2 2 4 0
Target:
<scratch>
8 5 4 1 3 + 8 2 2 4 0 , C: 0
1 + 4 , 3 C: 0
4 + 2 , 5 3 C: 0
5 + 2 , 6 5 3 C: 0
8 + 8 , 7 6 5 3 C: 0
, 6 7 6 5 3 C: 1
1 6 7 6 5 3
</scratch>
1 6 7 6 5 3

Input:
2 7 7 1 7 + 7 0 6 2 3
Target:
<scratch>
2 7 7 1 7 + 7 0 6 2 3 , C: 0
1 + 2 , 0 C: 1
7 + 6 , 4 0 C: 0
7 + 0 , 3 4 0 C: 1
2 + 7 , 8 3 4 0 C: 0
, 9 8 3 4 0 C: 0
0 9 8 3 4 0
</scratch>
9 8 3 4 0

Input:
5 4 3 7 3 + 7 3 0 1 8
Target:
<scratch>
5 4 3 7 3 + 7 3 0 1 8 , C: 0
7 + 1 , 1 C: 1
3 + 0 , 9 1 C: 0
4 + 3 , 3 9 1 C: 0
5 + 7 , 7 3 9 1 C: 0
, 2 7 3 9 1 C: 1
1 2 7 3 9 1
</scratch>
1 2 7 3 9 1

Input:
4 3 5 5 2 + 2 9 9 9 2
Target:
<scratch>
4 3 5 5 2 + 2 9 9 9 2 , C: 0
5 + 9 , 4 C: 0
5 + 9 , 4 4 C: 1
3 + 9 , 5 4 4 C: 1
4 + 2 , 3 5 4 4 C: 1
, 7 3 5 4 4 C: 0
0 7 3 5 4 4
</scratch>
7 3 5 4 4

Input:
6 2 2 2 3 + 4 9 6 2 1
Target:
<scratch>
6 2 2 2 3 + 4 9 6 2 1 , C: 0
2 + 2 , 4 C: 0
2 + 6 , 4 4 C: 0
2 + 9 , 8 4 4 C: 0
6 + 4 , 1 8 4 4 C: 1
, 1 1 8 4 4 C: 1
1 1 1 8 4 4
</scratch>
1 1 1 8 4 4

Input:
1 5 8 8 9 + 7 2 2 6 1
Target:
<scratch>
1 5 8 8 9 + 7 2 2 6 1 , C: 0
8 + 6 , 0 C: 1
8 + 2 , 5 0 C: 1
5 + 2 , 1 5 0 C: 1
1 + 7 , 8 1 5 0 C: 0
, 8 8 1 5 0 C: 0
0 8 8 1 5 0
</scratch>
8 8 1 5 0

Input:
9 0 4 0 6 + 9 4 0 7 8
Target:
<scratch>
9 0 4 0 6 + 9 4 0 7 8 , C: 0
0 + 7 , 4 C: 1
4 + 0 , 8 4 C: 0
0 + 4 , 4 8 4 C: 0
9 + 9 , 4 4 8 4 C: 0
, 8 4 4 8 4 C: 1
1 8 4 4 8 4
</scratch>
1 8 4 4 8 4

